10 9  45
6  18 35
11 2  46
19 8  27
1  16 39
15 13 40
2  14 24
19 4  38
4  15 3 
10 0  42
11 16 28
14 10 11 
18 15 10 
8  15 42 
12 7  5
0  15 13 
13 12 16 
15 18 4 
5  7  47 
1  6  44
16 0  15 
17 4  4 
4  14 14 
11 0  2 
1  19 33 
18 19 7 
5  1  41 
15 5  29 
7  15 27 
15 7  3 
8  15 1 
1  12 45 
9  7  23 
18 14 28 
15 3  34 
6  15 29 
15 0  31 
19 13 27 
14 0  12 
7  2  39 
10 4  8
14 18 43 
9  6  31 
8  15 47 
7  12 14 
9  15 8
1  9  1  
15 14 20 
5  14 40 
11 2  35 
14 9  46 
18 13 3 
4  2  35 
2  17 26 
3  0  36
6  2  17 
15 2  4 
3  7  9 
14 17 16 
10 9  14 
14 15 32 
17 13 37
4  18 48
3  16 8
13 2  25 
15 8  10
2  11 9
1  16 49
16 11 30 
7  10 34 
2  6  33 
5  16 37 
12 3  40 
5  15 14 
19 13 46 
7  5  23 
8  13 18 
12 19 21 
15 10 29 
19 11 5 
10 1  7 
6  15 45 
4  18 3 
7  0  5 
15 13 31 
19 0  4 
18 17 0 
8  4  24 
13 5  29 
17 11 25 
4  16 42 
12 6  41 
11 2  34 
10 8  43 
4  6  26 
6  15 19 
8  11 13 
0  6  35 
15 8  20 
15 0  26 
