19 3  0
5  2  5
8  10 6
2  16 16 
1  13 5
4  15 19 
5  0  8
16 8  17 
0  15 2 
2  1  18 
18 2  7
17 19 4
5  8  5
3  10 7
6  11 16
7  0  8
5  7  14 
12 18 13 
11 14 8
5  18 2
19 0  11 
0  6  7
8  17 16 
9  17 18 
9  19 18 
3  6  0
1  14 5 
5  6  3
2  4  6
6  9  3
16 0  7
14 13 1
13 18 0 
13 12 1
11 1  1 
5  3  0
18 13 5
5  17 15 
19 18 11 
2  5  8
5  16 0
3  13 12 
4  9  5
7  16 5
9  1  0
8  13 10 
11 12 14 
13 11 12 
16 15 0
17 12 0
0  13 17 
5  1  9
1  17 2
11 1  2
11 12 9
19 16 13 
7  12 16 
17 15 12 
4  15 15 
5  11 3 
8  16 11 
9  13 16 
0  9  14
12 5  15 
14 5  3 
15 8  17 
15 0  0
5  7  7 
2  8  16 
18 4  18 
17 19 1 
13 4  14 
8  5  19 
0  17 15 
6  7  6
16 2  13 
5  0  17 
5  19 11 
17 15 0
0  17 3
19 16 19 
16 2  15 
15 19 10 
14 19 14 
5  11 9
13 18 9
12 5  10 
2  3  19 
3  2  16 
17 0  7
13 0  16 
16 0  10 
17 9  7
18 17 17 
12 0  11 
4  3  13 
5  16 2
7  5  12 
2  4  9
3  19 9
