15 13 16 
18 5  18 
4  16 15 
14 1  3
17 6  0
3  6  17 
5  16 12 
8  18 2
3  17 15 
16 5  0
7  12 7
17 15 12
8  12 13 
6  19 17 
18 9  9
19 1  13 
11 3  8
0  17 9
13 17 18 
1  12 17 
7  0  2
12 11 14 
1  15 16 
8  17 2
4  18 7
8  17 8
14 16 17 
2  7  13 
19 18 18 
17 19 10 
6  1  7
13 11 2
14 15 1
13 8  13 
15 5  2
14 16 6
7  8  1 
1  7  5
3  1  1 
14 7  9
2  16 9
11 17 18
1  5  3
1  13 6 
17 0  19 
18 19 3
18 13 6
9  3  2
13 19 3
8  8  3
16 19 1 
18 8  12 
3  19 20
2  5  8
14 8  11 
19 12 14 
1  3  19 
12 8  17 
0  17 17 
12 16 11 
8  3  19 
12 15 20 
18 11 7
12 9  0
8  3  15 
8  0  3
12 17 13 
6  8  2 
19 9  9
1  15 0
6  16 16 
18 11 4
8  12 5
12 2  5
10 18 0
10 8  5
19 8  10 
6  0  10 
1  2  12 
0  1  20 
1  19 3
15 2  15 
12 5  13
15 13 19 
5  15 8
9  6  15 
9  12 13 
5  6  15 
9  15 2 
4  2  10 
15 13 1 
12 1  17 
10 17 18 
16 1  16 
11 14 20 
2  0  12 
6  5  10 
11 15 8
3  9  9
8  17 3
