6  18 17
11 13 28
4  5  11
14 3  37
16 15 42
13 16 33
0  19 0
0  19 1
15 0  38
12 15 31
10 4  25
12 11 31
15 16 38
16 2  42
5  4  13
2  13 5
3  8  9
9  6  24
8  18 20
17 11 45
3  0  9
16 17 41
5  7  14
12 2  32
5  12 13
11 0  28
12 1  30
9  14 23
18 16  48
16 6  43
12 3  31
16 7  41
15 16 41
17 11 43
5  6  15
16 15 42
14 16 37
3  17 10
13 1  33
6  15 16
4  5  11
11 16 29
18 2  48
10 15 25
13 4  34
12 19 31
19 9  49
7  9  19
2  19 6
4  13 12
16 6  40
15 9  40
7  0  17
10 2  25
3  4  8
17 15 44
0  19 1
5  2  13
0  2  1
5  13 13
16 6  42
16 5  41
15 4  39
7  5  19
0  10 1
2  14 6
16 13 42
6  17 17
13 14 33
17 19 44
7  6  19
5  15 14
8  6  20
11 12 30
1  5  4
7  9  17
18 9  46
6  5  16
4  13 11
6  13 16
17 15 44
12 13 31
8  5  20
12 9  31
17 5  44
13 5  35
3  17 8
7  15 18
15 13 40
16 5  41
5  15 13
9  12 24
0  10 1
9  6  24
10 18 27
14 3  36
12 6  30
6  15 16
11 17 30
12 6  32
