15 7  35
12 10 8
15 5  30
8  15 1 
7  2  24
2  17 35 
12 14 1 
10 0  21 
15 10 19 
13 18 34 
15 3  29 
9  10 9 
12 4  19 
9  7  2 
6  10 37 
9  3  5 
18 8  13 
5  0  39 
17 15 23 
15 11 6 
8  8  48 
5  18 24 
7  1  18 
16 17 2 
5  12 28 
18 9  3 
8  10 0 
3  18 40 
10 0  41 
6  8  39 
19 14 49 
8  11 43 
19 12 40 
1  2  42 
17 10 11 
9  1  21 
5  17 27 
2  13 44 
1  10 17 
12 13 49 
18 14 38 
3  4  4
0  7  34 
17 1  37 
2  5  47 
18 6  38 
3  12 9 
8  17 33 
12 11 4 
15 10 3 
7  10 12
9  6  13 
14 2  41 
3  7  24 
1  6  1 
13 10 7 
10 4  48 
1  13 22 
3  4  8
10 5  42 
11 0  43 
12 17 12 
6  14 25 
16 4  43 
11 6  38 
1  2  24 
11 10 31 
16 18 32
17 13 18 
17 16 3 
6  10 2 
11 19 13 
4  9  37 
13 9  15 
0  7  48 
13 18 24 
2  12 25 
11 9  44 
3  16 6 
0  10 13 
11 17 29 
7  13 38 
6  14 35 
19 14 0 
6  7  24 
0  11 23 
6  9  17 
17 19 41 
18 0  36 
12 0  0 
17 10 47 
12 15 25 
7  11 40 
12 18 13 
16 7  29 
16 10 48 
2  16 27 
2  6  9 
15 10 24 
19 5  27 
